16974336
   -0.258819  1.43673e-17     0.965926       69.396
    0.965926 -5.36197e-17     0.258819      18.5946
 5.55112e-17            1  1.54074e-33          -65
           0            0            0            1
16990720
   -0.258819  1.43673e-17     0.965926       69.396
    0.965926 -5.36197e-17     0.258819      18.5946
 5.55112e-17            1  1.54074e-33         -181
           0            0            0            1
17007104
   -0.258819  1.43673e-17     0.965926       69.396
    0.965926 -5.36197e-17     0.258819      18.5946
 5.55112e-17            1  1.54074e-33           65
           0            0            0            1
17023488
   -0.258819  1.43673e-17     0.965926       69.396
    0.965926 -5.36197e-17     0.258819      18.5946
 5.55112e-17            1  1.54074e-33          181
           0            0            0            1
16975360
-0.707107         0  0.707107   50.8014
 0.707107         0  0.707107   50.8014
        0         1         0       -65
        0         0         0         1
16991744
-0.707107         0  0.707107   50.8014
 0.707107         0  0.707107   50.8014
        0         1         0      -181
        0         0         0         1
17008128
-0.707107         0  0.707107   50.8014
 0.707107         0  0.707107   50.8014
        0         1         0        65
        0         0         0         1
17024512
-0.707107         0  0.707107   50.8014
 0.707107         0  0.707107   50.8014
        0         1         0       181
        0         0         0         1
16976384
   -0.965926 -2.77556e-17     0.258819      18.5946
    0.258819            0     0.965926       69.396
-2.77556e-17            1            0          -65
           0            0            0            1
16992768
   -0.965926 -2.77556e-17     0.258819      18.5946
    0.258819            0     0.965926       69.396
-2.77556e-17            1            0         -181
           0            0            0            1
17009152
   -0.965926 -2.77556e-17     0.258819      18.5946
    0.258819            0     0.965926       69.396
-2.77556e-17            1            0           65
           0            0            0            1
17025536
   -0.965926 -2.77556e-17     0.258819      18.5946
    0.258819            0     0.965926       69.396
-2.77556e-17            1            0          181
           0            0            0            1
16977408
-0.965926         0 -0.258819  -18.5946
-0.258819         0  0.965926    69.396
        0         1         0       -65
        0         0         0         1
16993792
-0.965926         0 -0.258819  -18.5946
-0.258819         0  0.965926    69.396
        0         1         0      -181
        0         0         0         1
17010176
-0.965926         0 -0.258819  -18.5946
-0.258819         0  0.965926    69.396
        0         1         0        65
        0         0         0         1
17026560
-0.965926         0 -0.258819  -18.5946
-0.258819         0  0.965926    69.396
        0         1         0       181
        0         0         0         1
16978432
   -0.707107 -5.55112e-17    -0.707107     -50.8014
   -0.707107 -5.55112e-17     0.707107      50.8014
-1.11022e-16            1            0          -65
           0            0            0            1
16994816
   -0.707107 -5.55112e-17    -0.707107     -50.8014
   -0.707107 -5.55112e-17     0.707107      50.8014
-1.11022e-16            1            0         -181
           0            0            0            1
17011200
   -0.707107 -5.55112e-17    -0.707107     -50.8014
   -0.707107 -5.55112e-17     0.707107      50.8014
-1.11022e-16            1            0           65
           0            0            0            1
17027584
   -0.707107 -5.55112e-17    -0.707107     -50.8014
   -0.707107 -5.55112e-17     0.707107      50.8014
-1.11022e-16            1            0          181
           0            0            0            1
16979456
  -0.258819 1.43673e-17   -0.965926     -69.396
  -0.965926 5.36197e-17    0.258819     18.5946
5.55112e-17           1           0         -65
          0           0           0           1
16995840
  -0.258819 1.43673e-17   -0.965926     -69.396
  -0.965926 5.36197e-17    0.258819     18.5946
5.55112e-17           1           0        -181
          0           0           0           1
17012224
  -0.258819 1.43673e-17   -0.965926     -69.396
  -0.965926 5.36197e-17    0.258819     18.5946
5.55112e-17           1           0          65
          0           0           0           1
17028608
  -0.258819 1.43673e-17   -0.965926     -69.396
  -0.965926 5.36197e-17    0.258819     18.5946
5.55112e-17           1           0         181
          0           0           0           1
16980480
    0.258819  1.43673e-17    -0.965926      -69.396
   -0.965926 -5.36197e-17    -0.258819     -18.5946
-5.55112e-17            1            0          -65
           0            0            0            1
16996864
    0.258819  1.43673e-17    -0.965926      -69.396
   -0.965926 -5.36197e-17    -0.258819     -18.5946
-5.55112e-17            1            0         -181
           0            0            0            1
17013248
    0.258819  1.43673e-17    -0.965926      -69.396
   -0.965926 -5.36197e-17    -0.258819     -18.5946
-5.55112e-17            1            0           65
           0            0            0            1
17029632
    0.258819  1.43673e-17    -0.965926      -69.396
   -0.965926 -5.36197e-17    -0.258819     -18.5946
-5.55112e-17            1            0          181
           0            0            0            1
16981504
    0.707107 -5.55112e-17    -0.707107     -50.8014
   -0.707107  5.55112e-17    -0.707107     -50.8014
 1.11022e-16            1            0          -65
           0            0            0            1
16997888
    0.707107 -5.55112e-17    -0.707107     -50.8014
   -0.707107  5.55112e-17    -0.707107     -50.8014
 1.11022e-16            1            0         -181
           0            0            0            1
17014272
    0.707107 -5.55112e-17    -0.707107     -50.8014
   -0.707107  5.55112e-17    -0.707107     -50.8014
 1.11022e-16            1            0           65
           0            0            0            1
17030656
    0.707107 -5.55112e-17    -0.707107     -50.8014
   -0.707107  5.55112e-17    -0.707107     -50.8014
 1.11022e-16            1            0          181
           0            0            0            1
16982528
 0.965926         0 -0.258819  -18.5946
-0.258819         0 -0.965926   -69.396
        0         1         0       -65
        0         0         0         1
16998912
 0.965926         0 -0.258819  -18.5946
-0.258819         0 -0.965926   -69.396
        0         1         0      -181
        0         0         0         1
17015296
 0.965926         0 -0.258819  -18.5946
-0.258819         0 -0.965926   -69.396
        0         1         0        65
        0         0         0         1
17031680
 0.965926         0 -0.258819  -18.5946
-0.258819         0 -0.965926   -69.396
        0         1         0       181
        0         0         0         1
16983552
    0.965926 -2.77556e-17     0.258819      18.5946
    0.258819            0    -0.965926      -69.396
 2.77556e-17            1            0          -65
           0            0            0            1
16999936
    0.965926 -2.77556e-17     0.258819      18.5946
    0.258819            0    -0.965926      -69.396
 2.77556e-17            1            0         -181
           0            0            0            1
17016320
    0.965926 -2.77556e-17     0.258819      18.5946
    0.258819            0    -0.965926      -69.396
 2.77556e-17            1            0           65
           0            0            0            1
17032704
    0.965926 -2.77556e-17     0.258819      18.5946
    0.258819            0    -0.965926      -69.396
 2.77556e-17            1            0          181
           0            0            0            1
16984576
 0.707107         0  0.707107   50.8014
 0.707107         0 -0.707107  -50.8014
        0         1         0       -65
        0         0         0         1
17000960
 0.707107         0  0.707107   50.8014
 0.707107         0 -0.707107  -50.8014
        0         1         0      -181
        0         0         0         1
17017344
 0.707107         0  0.707107   50.8014
 0.707107         0 -0.707107  -50.8014
        0         1         0        65
        0         0         0         1
17033728
 0.707107         0  0.707107   50.8014
 0.707107         0 -0.707107  -50.8014
        0         1         0       181
        0         0         0         1
16985600
    0.258819  1.43673e-17     0.965926       69.396
    0.965926  5.36197e-17    -0.258819     -18.5946
-5.55112e-17            1  1.54074e-33          -65
           0            0            0            1
17001984
    0.258819  1.43673e-17     0.965926       69.396
    0.965926  5.36197e-17    -0.258819     -18.5946
-5.55112e-17            1  1.54074e-33         -181
           0            0            0            1
17018368
    0.258819  1.43673e-17     0.965926       69.396
    0.965926  5.36197e-17    -0.258819     -18.5946
-5.55112e-17            1  1.54074e-33           65
           0            0            0            1
17034752
    0.258819  1.43673e-17     0.965926       69.396
    0.965926  5.36197e-17    -0.258819     -18.5946
-5.55112e-17            1  1.54074e-33          181
           0            0            0            1
17039872
     0      0      1 77.284
     1      0      0      0
     0      1      0    -65
     0      0      0      1
17056256
     0      0      1 77.284
     1      0      0      0
     0      1      0   -181
     0      0      0      1
17072640
     0      0      1 77.284
     1      0      0      0
     0      1      0     65
     0      0      0      1
17089024
     0      0      1 77.284
     1      0      0      0
     0      1      0    181
     0      0      0      1
17040896
        -0.5            0     0.866025      66.9299
    0.866025  5.55112e-17          0.5       38.642
-5.55112e-17            1            0          -65
           0            0            0            1
17057280
        -0.5            0     0.866025      66.9299
    0.866025  5.55112e-17          0.5       38.642
-5.55112e-17            1            0         -181
           0            0            0            1
17073664
        -0.5            0     0.866025      66.9299
    0.866025  5.55112e-17          0.5       38.642
-5.55112e-17            1            0           65
           0            0            0            1
17090048
        -0.5            0     0.866025      66.9299
    0.866025  5.55112e-17          0.5       38.642
-5.55112e-17            1            0          181
           0            0            0            1
17041920
-0.866025         0       0.5    38.642
      0.5         0  0.866025   66.9299
        0         1         0       -65
        0         0         0         1
17058304
-0.866025         0       0.5    38.642
      0.5         0  0.866025   66.9299
        0         1         0      -181
        0         0         0         1
17074688
-0.866025         0       0.5    38.642
      0.5         0  0.866025   66.9299
        0         1         0        65
        0         0         0         1
17091072
-0.866025         0       0.5    38.642
      0.5         0  0.866025   66.9299
        0         1         0       181
        0         0         0         1
17042944
         -1           0           0 4.73228e-15
          0           0           1      77.284
          0           1           0         -65
          0           0           0           1
17059328
         -1           0           0 4.73228e-15
          0           0           1      77.284
          0           1           0        -181
          0           0           0           1
17075712
         -1           0           0 4.73228e-15
          0           0           1      77.284
          0           1           0          65
          0           0           0           1
17092096
         -1           0           0 4.73228e-15
          0           0           1      77.284
          0           1           0         181
          0           0           0           1
17043968
-0.866025         0      -0.5   -38.642
     -0.5         0  0.866025   66.9299
        0         1         0       -65
        0         0         0         1
17060352
-0.866025         0      -0.5   -38.642
     -0.5         0  0.866025   66.9299
        0         1         0      -181
        0         0         0         1
17076736
-0.866025         0      -0.5   -38.642
     -0.5         0  0.866025   66.9299
        0         1         0        65
        0         0         0         1
17093120
-0.866025         0      -0.5   -38.642
     -0.5         0  0.866025   66.9299
        0         1         0       181
        0         0         0         1
17044992
       -0.5 2.77556e-17   -0.866025    -66.9299
  -0.866025 4.80741e-17         0.5      38.642
5.55112e-17           1           0         -65
          0           0           0           1
17061376
       -0.5 2.77556e-17   -0.866025    -66.9299
  -0.866025 4.80741e-17         0.5      38.642
5.55112e-17           1           0        -181
          0           0           0           1
17077760
       -0.5 2.77556e-17   -0.866025    -66.9299
  -0.866025 4.80741e-17         0.5      38.642
5.55112e-17           1           0          65
          0           0           0           1
17094144
       -0.5 2.77556e-17   -0.866025    -66.9299
  -0.866025 4.80741e-17         0.5      38.642
5.55112e-17           1           0         181
          0           0           0           1
17046016
-1.22465e-16            0           -1      -77.284
          -1            0  1.22465e-16  9.46456e-15
           0            1            0          -65
           0            0            0            1
17062400
-1.22465e-16            0           -1      -77.284
          -1            0  1.22465e-16  9.46456e-15
           0            1            0         -181
           0            0            0            1
17078784
-1.22465e-16            0           -1      -77.284
          -1            0  1.22465e-16  9.46456e-15
           0            1            0           65
           0            0            0            1
17095168
-1.22465e-16            0           -1      -77.284
          -1            0  1.22465e-16  9.46456e-15
           0            1            0          181
           0            0            0            1
17047040
         0.5  2.77556e-17    -0.866025     -66.9299
   -0.866025 -4.80741e-17         -0.5      -38.642
-5.55112e-17            1            0          -65
           0            0            0            1
17063424
         0.5  2.77556e-17    -0.866025     -66.9299
   -0.866025 -4.80741e-17         -0.5      -38.642
-5.55112e-17            1            0         -181
           0            0            0            1
17079808
         0.5  2.77556e-17    -0.866025     -66.9299
   -0.866025 -4.80741e-17         -0.5      -38.642
-5.55112e-17            1            0           65
           0            0            0            1
17096192
         0.5  2.77556e-17    -0.866025     -66.9299
   -0.866025 -4.80741e-17         -0.5      -38.642
-5.55112e-17            1            0          181
           0            0            0            1
17048064
 0.866025         0      -0.5   -38.642
     -0.5         0 -0.866025  -66.9299
        0         1         0       -65
        0         0         0         1
17064448
 0.866025         0      -0.5   -38.642
     -0.5         0 -0.866025  -66.9299
        0         1         0      -181
        0         0         0         1
17080832
 0.866025         0      -0.5   -38.642
     -0.5         0 -0.866025  -66.9299
        0         1         0        65
        0         0         0         1
17097216
 0.866025         0      -0.5   -38.642
     -0.5         0 -0.866025  -66.9299
        0         1         0       181
        0         0         0         1
17049088
           1            0            0 -1.46862e-14
           0            0           -1      -77.284
           0            1            0          -65
           0            0            0            1
17065472
           1            0            0 -1.46862e-14
           0            0           -1      -77.284
           0            1            0         -181
           0            0            0            1
17081856
           1            0            0 -1.46862e-14
           0            0           -1      -77.284
           0            1            0           65
           0            0            0            1
17098240
           1            0            0 -1.46862e-14
           0            0           -1      -77.284
           0            1            0          181
           0            0            0            1
17050112
 0.866025         0       0.5    38.642
      0.5         0 -0.866025  -66.9299
        0         1         0       -65
        0         0         0         1
17066496
 0.866025         0       0.5    38.642
      0.5         0 -0.866025  -66.9299
        0         1         0      -181
        0         0         0         1
17082880
 0.866025         0       0.5    38.642
      0.5         0 -0.866025  -66.9299
        0         1         0        65
        0         0         0         1
17099264
 0.866025         0       0.5    38.642
      0.5         0 -0.866025  -66.9299
        0         1         0       181
        0         0         0         1
17051136
         0.5            0     0.866025      66.9299
    0.866025 -5.55112e-17         -0.5      -38.642
 5.55112e-17            1            0          -65
           0            0            0            1
17067520
         0.5            0     0.866025      66.9299
    0.866025 -5.55112e-17         -0.5      -38.642
 5.55112e-17            1            0         -181
           0            0            0            1
17083904
         0.5            0     0.866025      66.9299
    0.866025 -5.55112e-17         -0.5      -38.642
 5.55112e-17            1            0           65
           0            0            0            1
17100288
         0.5            0     0.866025      66.9299
    0.866025 -5.55112e-17         -0.5      -38.642
 5.55112e-17            1            0          181
           0            0            0            1
17105408
-0.19509        0 0.980785  94.9047
0.980785        0  0.19509  18.8777
       0        1        0      -65
       0        0        0        1
17121792
-0.19509        0 0.980785  94.9047
0.980785        0  0.19509  18.8777
       0        1        0     -181
       0        0        0        1
17138176
-0.19509        0 0.980785  94.9047
0.980785        0  0.19509  18.8777
       0        1        0       65
       0        0        0        1
17154560
-0.19509        0 0.980785  94.9047
0.980785        0  0.19509  18.8777
       0        1        0      181
       0        0        0        1
17106432
-0.55557        0  0.83147  80.4563
 0.83147        0  0.55557  53.7592
       0        1        0      -65
       0        0        0        1
17122816
-0.55557        0  0.83147  80.4563
 0.83147        0  0.55557  53.7592
       0        1        0     -181
       0        0        0        1
17139200
-0.55557        0  0.83147  80.4563
 0.83147        0  0.55557  53.7592
       0        1        0       65
       0        0        0        1
17155584
-0.55557        0  0.83147  80.4563
 0.83147        0  0.55557  53.7592
       0        1        0      181
       0        0        0        1
17107456
-0.83147        0  0.55557  53.7592
 0.55557        0  0.83147  80.4563
       0        1        0      -65
       0        0        0        1
17123840
-0.83147        0  0.55557  53.7592
 0.55557        0  0.83147  80.4563
       0        1        0     -181
       0        0        0        1
17140224
-0.83147        0  0.55557  53.7592
 0.55557        0  0.83147  80.4563
       0        1        0       65
       0        0        0        1
17156608
-0.83147        0  0.55557  53.7592
 0.55557        0  0.83147  80.4563
       0        1        0      181
       0        0        0        1
17108480
   -0.980785 -2.72223e-17      0.19509      18.8777
     0.19509  5.41484e-18     0.980785      94.9047
-2.77556e-17            1            0          -65
           0            0            0            1
17124864
   -0.980785 -2.72223e-17      0.19509      18.8777
     0.19509  5.41484e-18     0.980785      94.9047
-2.77556e-17            1            0         -181
           0            0            0            1
17141248
   -0.980785 -2.72223e-17      0.19509      18.8777
     0.19509  5.41484e-18     0.980785      94.9047
-2.77556e-17            1            0           65
           0            0            0            1
17157632
   -0.980785 -2.72223e-17      0.19509      18.8777
     0.19509  5.41484e-18     0.980785      94.9047
-2.77556e-17            1            0          181
           0            0            0            1
17109504
-0.980785         0  -0.19509  -18.8777
 -0.19509         0  0.980785   94.9047
        0         1         0       -65
        0         0         0         1
17125888
-0.980785         0  -0.19509  -18.8777
 -0.19509         0  0.980785   94.9047
        0         1         0      -181
        0         0         0         1
17142272
-0.980785         0  -0.19509  -18.8777
 -0.19509         0  0.980785   94.9047
        0         1         0        65
        0         0         0         1
17158656
-0.980785         0  -0.19509  -18.8777
 -0.19509         0  0.980785   94.9047
        0         1         0       181
        0         0         0         1
17110528
    -0.83147 -5.55112e-17     -0.55557     -53.7592
    -0.55557 -5.55112e-17      0.83147      80.4563
-5.55112e-17            1            0          -65
           0            0            0            1
17126912
    -0.83147 -5.55112e-17     -0.55557     -53.7592
    -0.55557 -5.55112e-17      0.83147      80.4563
-5.55112e-17            1            0         -181
           0            0            0            1
17143296
    -0.83147 -5.55112e-17     -0.55557     -53.7592
    -0.55557 -5.55112e-17      0.83147      80.4563
-5.55112e-17            1            0           65
           0            0            0            1
17159680
    -0.83147 -5.55112e-17     -0.55557     -53.7592
    -0.55557 -5.55112e-17      0.83147      80.4563
-5.55112e-17            1            0          181
           0            0            0            1
17111552
-0.55557        0 -0.83147 -80.4563
-0.83147        0  0.55557  53.7592
       0        1        0      -65
       0        0        0        1
17127936
-0.55557        0 -0.83147 -80.4563
-0.83147        0  0.55557  53.7592
       0        1        0     -181
       0        0        0        1
17144320
-0.55557        0 -0.83147 -80.4563
-0.83147        0  0.55557  53.7592
       0        1        0       65
       0        0        0        1
17160704
-0.55557        0 -0.83147 -80.4563
-0.83147        0  0.55557  53.7592
       0        1        0      181
       0        0        0        1
17112576
 -0.19509         0 -0.980785  -94.9047
-0.980785         0   0.19509   18.8777
        0         1         0       -65
        0         0         0         1
17128960
 -0.19509         0 -0.980785  -94.9047
-0.980785         0   0.19509   18.8777
        0         1         0      -181
        0         0         0         1
17145344
 -0.19509         0 -0.980785  -94.9047
-0.980785         0   0.19509   18.8777
        0         1         0        65
        0         0         0         1
17161728
 -0.19509         0 -0.980785  -94.9047
-0.980785         0   0.19509   18.8777
        0         1         0       181
        0         0         0         1
17113600
  0.19509         0 -0.980785  -94.9047
-0.980785         0  -0.19509  -18.8777
        0         1         0       -65
        0         0         0         1
17129984
  0.19509         0 -0.980785  -94.9047
-0.980785         0  -0.19509  -18.8777
        0         1         0      -181
        0         0         0         1
17146368
  0.19509         0 -0.980785  -94.9047
-0.980785         0  -0.19509  -18.8777
        0         1         0        65
        0         0         0         1
17162752
  0.19509         0 -0.980785  -94.9047
-0.980785         0  -0.19509  -18.8777
        0         1         0       181
        0         0         0         1
17114624
 0.55557        0 -0.83147 -80.4563
-0.83147        0 -0.55557 -53.7592
       0        1        0      -65
       0        0        0        1
17131008
 0.55557        0 -0.83147 -80.4563
-0.83147        0 -0.55557 -53.7592
       0        1        0     -181
       0        0        0        1
17147392
 0.55557        0 -0.83147 -80.4563
-0.83147        0 -0.55557 -53.7592
       0        1        0       65
       0        0        0        1
17163776
 0.55557        0 -0.83147 -80.4563
-0.83147        0 -0.55557 -53.7592
       0        1        0      181
       0        0        0        1
17115648
     0.83147 -5.55112e-17     -0.55557     -53.7592
    -0.55557  5.55112e-17     -0.83147     -80.4563
 5.55112e-17            1            0          -65
           0            0            0            1
17132032
     0.83147 -5.55112e-17     -0.55557     -53.7592
    -0.55557  5.55112e-17     -0.83147     -80.4563
 5.55112e-17            1            0         -181
           0            0            0            1
17148416
     0.83147 -5.55112e-17     -0.55557     -53.7592
    -0.55557  5.55112e-17     -0.83147     -80.4563
 5.55112e-17            1            0           65
           0            0            0            1
17164800
     0.83147 -5.55112e-17     -0.55557     -53.7592
    -0.55557  5.55112e-17     -0.83147     -80.4563
 5.55112e-17            1            0          181
           0            0            0            1
17116672
 0.980785         0  -0.19509  -18.8777
 -0.19509         0 -0.980785  -94.9047
        0         1         0       -65
        0         0         0         1
17133056
 0.980785         0  -0.19509  -18.8777
 -0.19509         0 -0.980785  -94.9047
        0         1         0      -181
        0         0         0         1
17149440
 0.980785         0  -0.19509  -18.8777
 -0.19509         0 -0.980785  -94.9047
        0         1         0        65
        0         0         0         1
17165824
 0.980785         0  -0.19509  -18.8777
 -0.19509         0 -0.980785  -94.9047
        0         1         0       181
        0         0         0         1
17117696
    0.980785 -2.72223e-17      0.19509      18.8777
     0.19509 -5.41484e-18    -0.980785     -94.9047
 2.77556e-17            1            0          -65
           0            0            0            1
17134080
    0.980785 -2.72223e-17      0.19509      18.8777
     0.19509 -5.41484e-18    -0.980785     -94.9047
 2.77556e-17            1            0         -181
           0            0            0            1
17150464
    0.980785 -2.72223e-17      0.19509      18.8777
     0.19509 -5.41484e-18    -0.980785     -94.9047
 2.77556e-17            1            0           65
           0            0            0            1
17166848
    0.980785 -2.72223e-17      0.19509      18.8777
     0.19509 -5.41484e-18    -0.980785     -94.9047
 2.77556e-17            1            0          181
           0            0            0            1
17118720
 0.83147        0  0.55557  53.7592
 0.55557        0 -0.83147 -80.4563
       0        1        0      -65
       0        0        0        1
17135104
 0.83147        0  0.55557  53.7592
 0.55557        0 -0.83147 -80.4563
       0        1        0     -181
       0        0        0        1
17151488
 0.83147        0  0.55557  53.7592
 0.55557        0 -0.83147 -80.4563
       0        1        0       65
       0        0        0        1
17167872
 0.83147        0  0.55557  53.7592
 0.55557        0 -0.83147 -80.4563
       0        1        0      181
       0        0        0        1
17119744
 0.55557        0  0.83147  80.4563
 0.83147        0 -0.55557 -53.7592
       0        1        0      -65
       0        0        0        1
17136128
 0.55557        0  0.83147  80.4563
 0.83147        0 -0.55557 -53.7592
       0        1        0     -181
       0        0        0        1
17152512
 0.55557        0  0.83147  80.4563
 0.83147        0 -0.55557 -53.7592
       0        1        0       65
       0        0        0        1
17168896
 0.55557        0  0.83147  80.4563
 0.83147        0 -0.55557 -53.7592
       0        1        0      181
       0        0        0        1
17120768
 0.19509        0 0.980785  94.9047
0.980785        0 -0.19509 -18.8777
       0        1        0      -65
       0        0        0        1
17137152
 0.19509        0 0.980785  94.9047
0.980785        0 -0.19509 -18.8777
       0        1        0     -181
       0        0        0        1
17153536
 0.19509        0 0.980785  94.9047
0.980785        0 -0.19509 -18.8777
       0        1        0       65
       0        0        0        1
17169920
 0.19509        0 0.980785  94.9047
0.980785        0 -0.19509 -18.8777
       0        1        0      181
       0        0        0        1
17170944
      0       0       1 102.584
      1       0       0       0
      0       1       0     -65
      0       0       0       1
17187328
      0       0       1 102.584
      1       0       0       0
      0       1       0    -181
      0       0       0       1
17203712
      0       0       1 102.584
      1       0       0       0
      0       1       0      65
      0       0       0       1
17220096
      0       0       1 102.584
      1       0       0       0
      0       1       0     181
      0       0       0       1
17171968
-0.382683         0   0.92388   94.7753
  0.92388         0  0.382683   39.2572
        0         1         0       -65
        0         0         0         1
17188352
-0.382683         0   0.92388   94.7753
  0.92388         0  0.382683   39.2572
        0         1         0      -181
        0         0         0         1
17204736
-0.382683         0   0.92388   94.7753
  0.92388         0  0.382683   39.2572
        0         1         0        65
        0         0         0         1
17221120
-0.382683         0   0.92388   94.7753
  0.92388         0  0.382683   39.2572
        0         1         0       181
        0         0         0         1
17172992
-0.707107         0  0.707107   72.5378
 0.707107         0  0.707107   72.5378
        0         1         0       -65
        0         0         0         1
17189376
-0.707107         0  0.707107   72.5378
 0.707107         0  0.707107   72.5378
        0         1         0      -181
        0         0         0         1
17205760
-0.707107         0  0.707107   72.5378
 0.707107         0  0.707107   72.5378
        0         1         0        65
        0         0         0         1
17222144
-0.707107         0  0.707107   72.5378
 0.707107         0  0.707107   72.5378
        0         1         0       181
        0         0         0         1
17174016
    -0.92388 -5.12856e-17     0.382683      39.2572
    0.382683  2.12432e-17      0.92388      94.7753
-5.55112e-17            1            0          -65
           0            0            0            1
17190400
    -0.92388 -5.12856e-17     0.382683      39.2572
    0.382683  2.12432e-17      0.92388      94.7753
-5.55112e-17            1            0         -181
           0            0            0            1
17206784
    -0.92388 -5.12856e-17     0.382683      39.2572
    0.382683  2.12432e-17      0.92388      94.7753
-5.55112e-17            1            0           65
           0            0            0            1
17223168
    -0.92388 -5.12856e-17     0.382683      39.2572
    0.382683  2.12432e-17      0.92388      94.7753
-5.55112e-17            1            0          181
           0            0            0            1
17175040
         -1           0           0 6.28146e-15
          0           0           1     102.584
          0           1           0         -65
          0           0           0           1
17191424
         -1           0           0 6.28146e-15
          0           0           1     102.584
          0           1           0        -181
          0           0           0           1
17207808
         -1           0           0 6.28146e-15
          0           0           1     102.584
          0           1           0          65
          0           0           0           1
17224192
         -1           0           0 6.28146e-15
          0           0           1     102.584
          0           1           0         181
          0           0           0           1
17176064
   -0.92388 5.12856e-17   -0.382683    -39.2572
  -0.382683 2.12432e-17     0.92388     94.7753
5.55112e-17           1           0         -65
          0           0           0           1
17192448
   -0.92388 5.12856e-17   -0.382683    -39.2572
  -0.382683 2.12432e-17     0.92388     94.7753
5.55112e-17           1           0        -181
          0           0           0           1
17208832
   -0.92388 5.12856e-17   -0.382683    -39.2572
  -0.382683 2.12432e-17     0.92388     94.7753
5.55112e-17           1           0          65
          0           0           0           1
17225216
   -0.92388 5.12856e-17   -0.382683    -39.2572
  -0.382683 2.12432e-17     0.92388     94.7753
5.55112e-17           1           0         181
          0           0           0           1
17177088
   -0.707107 -5.55112e-17    -0.707107     -72.5378
   -0.707107 -5.55112e-17     0.707107      72.5378
-1.11022e-16            1            0          -65
           0            0            0            1
17193472
   -0.707107 -5.55112e-17    -0.707107     -72.5378
   -0.707107 -5.55112e-17     0.707107      72.5378
-1.11022e-16            1            0         -181
           0            0            0            1
17209856
   -0.707107 -5.55112e-17    -0.707107     -72.5378
   -0.707107 -5.55112e-17     0.707107      72.5378
-1.11022e-16            1            0           65
           0            0            0            1
17226240
   -0.707107 -5.55112e-17    -0.707107     -72.5378
   -0.707107 -5.55112e-17     0.707107      72.5378
-1.11022e-16            1            0          181
           0            0            0            1
17178112
-0.382683         0  -0.92388  -94.7753
 -0.92388         0  0.382683   39.2572
        0         1         0       -65
        0         0         0         1
17194496
-0.382683         0  -0.92388  -94.7753
 -0.92388         0  0.382683   39.2572
        0         1         0      -181
        0         0         0         1
17210880
-0.382683         0  -0.92388  -94.7753
 -0.92388         0  0.382683   39.2572
        0         1         0        65
        0         0         0         1
17227264
-0.382683         0  -0.92388  -94.7753
 -0.92388         0  0.382683   39.2572
        0         1         0       181
        0         0         0         1
17179136
-1.22465e-16            0           -1     -102.584
          -1            0  1.22465e-16  1.25629e-14
           0            1            0          -65
           0            0            0            1
17195520
-1.22465e-16            0           -1     -102.584
          -1            0  1.22465e-16  1.25629e-14
           0            1            0         -181
           0            0            0            1
17211904
-1.22465e-16            0           -1     -102.584
          -1            0  1.22465e-16  1.25629e-14
           0            1            0           65
           0            0            0            1
17228288
-1.22465e-16            0           -1     -102.584
          -1            0  1.22465e-16  1.25629e-14
           0            1            0          181
           0            0            0            1
17180160
 0.382683         0  -0.92388  -94.7753
 -0.92388         0 -0.382683  -39.2572
        0         1         0       -65
        0         0         0         1
17196544
 0.382683         0  -0.92388  -94.7753
 -0.92388         0 -0.382683  -39.2572
        0         1         0      -181
        0         0         0         1
17212928
 0.382683         0  -0.92388  -94.7753
 -0.92388         0 -0.382683  -39.2572
        0         1         0        65
        0         0         0         1
17229312
 0.382683         0  -0.92388  -94.7753
 -0.92388         0 -0.382683  -39.2572
        0         1         0       181
        0         0         0         1
17181184
    0.707107 -5.55112e-17    -0.707107     -72.5378
   -0.707107  5.55112e-17    -0.707107     -72.5378
 1.11022e-16            1            0          -65
           0            0            0            1
17197568
    0.707107 -5.55112e-17    -0.707107     -72.5378
   -0.707107  5.55112e-17    -0.707107     -72.5378
 1.11022e-16            1            0         -181
           0            0            0            1
17213952
    0.707107 -5.55112e-17    -0.707107     -72.5378
   -0.707107  5.55112e-17    -0.707107     -72.5378
 1.11022e-16            1            0           65
           0            0            0            1
17230336
    0.707107 -5.55112e-17    -0.707107     -72.5378
   -0.707107  5.55112e-17    -0.707107     -72.5378
 1.11022e-16            1            0          181
           0            0            0            1
17182208
     0.92388  5.12856e-17    -0.382683     -39.2572
   -0.382683 -2.12432e-17     -0.92388     -94.7753
-5.55112e-17            1            0          -65
           0            0            0            1
17198592
     0.92388  5.12856e-17    -0.382683     -39.2572
   -0.382683 -2.12432e-17     -0.92388     -94.7753
-5.55112e-17            1            0         -181
           0            0            0            1
17214976
     0.92388  5.12856e-17    -0.382683     -39.2572
   -0.382683 -2.12432e-17     -0.92388     -94.7753
-5.55112e-17            1            0           65
           0            0            0            1
17231360
     0.92388  5.12856e-17    -0.382683     -39.2572
   -0.382683 -2.12432e-17     -0.92388     -94.7753
-5.55112e-17            1            0          181
           0            0            0            1
17183232
           1            0            0 -1.93337e-14
           0            0           -1     -102.584
           0            1            0          -65
           0            0            0            1
17199616
           1            0            0 -1.93337e-14
           0            0           -1     -102.584
           0            1            0         -181
           0            0            0            1
17216000
           1            0            0 -1.93337e-14
           0            0           -1     -102.584
           0            1            0           65
           0            0            0            1
17232384
           1            0            0 -1.93337e-14
           0            0           -1     -102.584
           0            1            0          181
           0            0            0            1
17184256
     0.92388 -5.12856e-17     0.382683      39.2572
    0.382683 -2.12432e-17     -0.92388     -94.7753
